"","Constit_Code","ConstituencyName.x","Winner19","Electorate19","Conservative","Labour","Liberal Democrat","Scottish National Party","Plaid Cymru","Green","Reform UK","Other","Winner","results"
"1","E14000530","Aldershot","Conservative",72617,0.371618474912734,0.322753266985042,0.125129567676483,0.0000402172693287449,0.0000257223628002089,0.0751013347472457,0.0501006564693043,0.0552307595770613,"Conservative","Conservative Hold"
"2","E14000531","Aldridge-Brownhills","Conservative",60138,0.450319775074274,0.308401128055171,0.0686447581949927,0.0000587420130826937,0.0000411721064649351,0.0512257452954776,0.0689778126316697,0.0523308666288671,"Conservative","Conservative Hold"
"3","E14000532","Altrincham and Sale West","Conservative",73107,0.324001088588019,0.412604614472052,0.103954238580349,0.000019581926893732,0.0000459996143773337,0.0698040125023208,0.0465826001884149,0.0429878641275734,"Labour","Labour Gain"
"4","E14000533","Amber Valley","Conservative",69976,0.428071410561243,0.3326381617247,0.0758518878875868,0.0000548055466546677,0.000091314731943501,0.063663009217024,0.0513312782662767,0.0482981320645709,"Conservative","Conservative Hold"
"5","E14000534","Arundel and South Downs","Conservative",81726,0.440151358579117,0.226631926085531,0.178531782788704,0.0000470400774052802,0.0000264994718768102,0.0705131866514994,0.0419518854783056,0.0421463208675609,"Conservative","Conservative Hold"
"6","E14000535","Ashfield","Conservative",78204,0.36357579141179,0.370184042158154,0.088841222984932,0.000637154841808979,0.0000703054073188087,0.0432793853168982,0.0750235538285073,0.0583885440505907,"Labour","Labour Gain"
"7","E14000536","Ashford","Conservative",89553,0.412193281695542,0.30308476339152,0.109129875244304,0.0000443703565994383,0.0000394578344789704,0.0694522942146107,0.0539474655751302,0.0521084916878141,"Conservative","Conservative Hold"
"8","E14000537","Ashton-under-Lyne","Labour",67978,0.298684677984791,0.463222202604656,0.0559011049931774,0.000115529520437146,0.0000911452805615183,0.0584799137586629,0.0731570472107851,0.0503483786469289,"Labour","Labour Hold"
"9","E14000538","Aylesbury","Conservative",86665,0.364409080539721,0.321794214245233,0.142272341735305,0.0000309976265300057,0.0000209170334926685,0.0733508120083775,0.0445241252998537,0.0535975115114873,"Conservative","Conservative Hold"
"10","E14000539","Banbury","Conservative",90116,0.36467251546572,0.334690060690699,0.13081255203343,0.0000378435224561934,0.0000451456510748681,0.0746251663679544,0.0448605976862836,0.0502561185823822,"Conservative","Conservative Hold"
"11","E14000540","Barking","Labour",77953,0.223531290589674,0.524959898084146,0.0563730915189561,0.000147591903739625,0.0000873520453401656,0.0596772016275927,0.0434449061836414,0.0917786680469099,"Labour","Labour Hold"
"12","E14000541","Barnsley Central","Labour",65277,0.248672613875353,0.385476101022602,0.0836281506235152,0.0630362972301674,0.00489478025325028,0.0513616447353284,0.0909601490988362,0.0719702631609472,"Labour","Labour Hold"
"13","E14000542","Barnsley East","Labour",69504,0.269923798702085,0.368942940715218,0.0810218194213842,0.0603211294255502,0.00403372099074867,0.0523146179813464,0.0936564172602228,0.0697855555034447,"Labour","Labour Hold"
"14","E14000543","Barrow and Furness","Conservative",70158,0.352237591671352,0.404656985671161,0.0654765046080119,0.0000452838394263042,0.0000539954923291895,0.0567015680977977,0.0714780016468753,0.0493500689730468,"Labour","Labour Gain"
"15","E14000544","Basildon and Billericay","Conservative",69906,0.416901143040024,0.322750258763477,0.0850767883791452,0.000112382393122375,0.0000606949161685101,0.0592035968500229,0.0594285632847144,0.0564665723733262,"Conservative","Conservative Hold"
"16","E14000545","Basingstoke","Conservative",82928,0.347744187547992,0.350952142172561,0.12276420146782,0.0000527187511874837,0.0000695870888459089,0.0764475850932133,0.0471013584781837,0.054868219400196,"Labour","Labour Gain"
"17","E14000546","Bassetlaw","Conservative",80024,0.407524315910145,0.354767703199495,0.0793100710703895,0.0000918861417291011,0.0000978981267099202,0.0518285173750962,0.0567917763108881,0.0495878318655469,"Conservative","Conservative Hold"
"18","E14000547","Bath","Liberal Democrat",67805,0.25240833419652,0.206199507133833,0.408317973648181,0.0000156889871223977,0.000274640490072037,0.0567148577527604,0.0313171698064173,0.0447518279850937,"Liberal Democrat","Liberal Democrat Hold"
"19","E14000548","Batley and Spen","Labour",79558,0.302301822672317,0.431171926893287,0.0696390652601609,0.0393754591410622,0.00602770059707395,0.0504439485967584,0.0501035690586309,0.0509365077807104,"Labour","Labour Hold"
"20","E14000549","Battersea","Labour",79350,0.219452114908469,0.504987903472998,0.115474164853274,0.000049040624316029,0.0000270272890142701,0.0791096323804894,0.0200617242414925,0.0608383922299475,"Labour","Labour Hold"
"21","E14000550","Beaconsfield","Conservative",77720,0.428959794260348,0.300153590368194,0.120456262513979,0.00058637099312229,0.0000136218610225979,0.0503239950235395,0.0558919852452884,0.043614379734507,"Conservative","Conservative Hold"
"22","E14000551","Beckenham","Conservative",68662,0.386842366430613,0.324541412201334,0.131104256941881,0.0000715398324163681,0.0000177909517929118,0.0653745243534622,0.0375287502853972,0.0545193590031041,"Conservative","Conservative Hold"
"23","E14000552","Bedford","Labour",71581,0.311720608350184,0.451773902296345,0.0823129690848009,0.0000833552289892617,0.0000984158952344954,0.0592090789466263,0.0393578145745195,0.0554438556233003,"Labour","Labour Hold"
"24","E14000553","Bermondsey and Old Southwark","Labour",93248,0.149228088858657,0.494543313794933,0.17300680271541,0.0000691572067477858,0.0000473307522508595,0.0841102279803258,0.018277713902133,0.0807173647895421,"Labour","Labour Hold"
"25","E14000554","Berwick-upon-Tweed","Conservative",59939,0.404221996865571,0.336297991135479,0.117382558722673,0.0000488868348531814,0.000106622191633037,0.0634422623590909,0.036786458962129,0.041713222928571,"Conservative","Conservative Hold"
"26","E14000555","Bethnal Green and Bow","Labour",88262,0.132427379130714,0.604515579789215,0.0754976507859395,0.0000247176797063752,0.000330571296227354,0.082604735018645,0.0225747309201141,0.0820246353794385,"Labour","Labour Hold"
"27","E14000556","Beverley and Holderness","Conservative",79696,0.411293807605099,0.315130983690734,0.0898256381516597,0.0259379285803858,0.0050417077809055,0.0597838141739073,0.0507879498058246,0.0421981702114844,"Conservative","Conservative Hold"
"28","E14000557","Bexhill and Battle","Conservative",81963,0.465446094552167,0.259902314411161,0.115846149535194,0.0000415117231900134,0.0000259875091260772,0.0621423446689083,0.0503777281303646,0.0462178694698897,"Conservative","Conservative Hold"
"29","E14000558","Bexleyheath and Crayford","Conservative",65466,0.405588200791518,0.330353225592147,0.0780515723287932,0.000109686762791504,0.0000201279878737279,0.0607329749369895,0.0590442627415059,0.0660999488583818,"Conservative","Conservative Hold"
"30","E14000559","Birkenhead","Labour",63762,0.216958377855656,0.541718595236364,0.0640970539430983,0.000149170966297558,0.0000236663947765345,0.0511054614930751,0.0625140020040612,0.0634336721066713,"Labour","Labour Hold"
"31","E14000560","Birmingham, Edgbaston","Labour",68828,0.25461346656654,0.512651184263023,0.0736802157713784,0.0000933121209535299,0.000070826603439941,0.0677811146300066,0.0347355169353717,0.0563743631092866,"Labour","Labour Hold"
"32","E14000561","Birmingham, Erdington","Labour",66148,0.282940385388983,0.477598720497963,0.0517872529048406,0.00018986840508309,0.000107466637320021,0.0544392797161305,0.0553715624215224,0.0775654640281576,"Labour","Labour Hold"
"33","E14000562","Birmingham, Hall Green","Labour",80283,0.190244431381405,0.585943278147143,0.0687448083787103,0.000128477707128275,0.0000836730212226799,0.0526697101721114,0.0339557435724836,0.0682298776197963,"Labour","Labour Hold"
"34","E14000563","Birmingham, Hodge Hill","Labour",78295,0.178927801058026,0.59872177572913,0.0419460379545871,0.000140728670071812,0.000301446978697755,0.049158732462159,0.0440112575078187,0.0867922196395099,"Labour","Labour Hold"
"35","E14000564","Birmingham, Ladywood","Labour",74912,0.126367760763862,0.654268837145983,0.0507768446282694,0.000067167987619547,0.000130957881378788,0.0620825109827695,0.024882747986782,0.0814231726233355,"Labour","Labour Hold"
"36","E14000565","Birmingham, Northfield","Conservative",73694,0.300407235895753,0.435745411477226,0.0665177712139156,0.0000913457670107635,0.0000988778187461348,0.0571327888276735,0.0602490069011765,0.0797575620984977,"Labour","Labour Gain"
"37","E14000566","Birmingham, Perry Barr","Labour",72006,0.231020243771226,0.543872736977249,0.056786832119379,0.000148278533252793,0.000116026042444328,0.0589422558624458,0.0410651682518288,0.0680484584421744,"Labour","Labour Hold"
"38","E14000567","Birmingham, Selly Oak","Labour",82665,0.23912576046648,0.528430056261737,0.0683807713312543,0.0000789117287126465,0.0000972972046903152,0.072691085622777,0.0359162926544263,0.0552798247299222,"Labour","Labour Hold"
"39","E14000568","Birmingham, Yardley","Labour",74704,0.259249411718986,0.494143871511226,0.0633076994132029,0.0000548638290811198,0.00015719010481155,0.0551593577794424,0.0547492659959371,0.0731783396473132,"Labour","Labour Hold"
"40","E14000569","Bishop Auckland","Conservative",68170,0.373946941715136,0.417801790443313,0.0690034386190999,0.000202354502548709,0.000086735944474327,0.0536770622910418,0.0417920097437957,0.0434896667405907,"Labour","Labour Gain"
"41","E14000570","Blackburn","Labour",71234,0.218659450001191,0.558412930114608,0.0491653718693624,0.0000365934833235972,0.000150461020911165,0.0589871582893601,0.05918949862318,0.0553985365980631,"Labour","Labour Hold"
"42","E14000571","Blackley and Broughton","Labour",73372,0.197402587187139,0.568323185265865,0.0543403781490426,0.0000413042375263551,0.0000524072499744749,0.0629521078212055,0.0575211055604094,0.0593669245288381,"Labour","Labour Hold"
"43","E14000572","Blackpool North and Cleveleys","Conservative",63692,0.371747992785297,0.369610519672578,0.0578639942665592,0.0000586798306476971,0.0000914072372721006,0.0599682717626396,0.089255780928249,0.0514033535167576,"Conservative","Conservative Hold"
"44","E14000573","Blackpool South","Conservative",57690,0.325034297860403,0.401728732668618,0.0570641786769796,0.000130101130024112,0.000105001100128421,0.0561660868272237,0.0976375299542577,0.0621340717823659,"Labour","Labour Gain"
"45","E14000574","Blaydon","Labour",67853,0.326230650059642,0.459602068564719,0.0849065585530462,0.000154880314521096,0.000107824621714045,0.0557461180300705,0.0358592553044538,0.0373926445518331,"Labour","Labour Hold"
"46","E14000575","Blyth Valley","Conservative",64429,0.330258309840984,0.441522539004861,0.0797902458656189,0.0000523729054103303,0.000121328962412789,0.0610939853745181,0.0414739786464099,0.0456872393997855,"Labour","Labour Gain"
"47","E14000576","Bognor Regis and Littlehampton","Conservative",77446,0.443620467479827,0.273448360166254,0.108223674978727,0.0000501519595643085,0.0000517287007379109,0.0595221089080566,0.0603053213930079,0.0547781864138251,"Conservative","Conservative Hold"
"48","E14000577","Bolsover","Conservative",75161,0.363553639417437,0.395102033295167,0.0738962833774096,0.000087281913450451,0.0000800379060181767,0.0564032556433078,0.0579528456530709,0.0529246227941388,"Labour","Labour Gain"
"49","E14000578","Bolton North East","Conservative",67564,0.29290739495306,0.448911432930558,0.0635458395457535,0.0000614347533185182,0.0000449310689768675,0.0626495187149016,0.0741060053516577,0.0577734426817745,"Labour","Labour Gain"
"50","E14000579","Bolton South East","Labour",69163,0.265732927676157,0.496594067976818,0.0515331441606299,0.0000605815833023095,0.0000845195776349818,0.05852847745722,0.0727372105206333,0.0547290710476042,"Labour","Labour Hold"
"51","E14000580","Bolton West","Conservative",73191,0.342849655059392,0.407592743267571,0.0715812955130879,0.0000486869962835669,0.0000109173970286289,0.0647466943883858,0.0655283357925412,0.04764167158571,"Labour","Labour Gain"
"52","E14000581","Bootle","Labour",74832,0.180666582520499,0.60161927294439,0.0479064763904442,0.0000329775782418455,0.000254362244477484,0.0572546871240771,0.0537252607097856,0.0585403804880851,"Labour","Labour Hold"
"53","E14000582","Boston and Skegness","Conservative",69381,0.487965308958729,0.287995671442369,0.0609103520925895,0.000109834066284303,0.00014644662628045,0.0505621481717193,0.0650142455662289,0.0472959930758003,"Conservative","Conservative Hold"
"54","E14000583","Bosworth","Conservative",81542,0.44593248514635,0.287895104608701,0.109223583878104,0.0000978298504526464,0.0000382185096069278,0.0647692207797395,0.0471148986352515,0.0449286585917942,"Conservative","Conservative Hold"
"55","E14000584","Bournemouth East","Conservative",74125,0.328126734233213,0.379523087080761,0.11455421629259,0.0000932777086775818,0.000125960393358586,0.0941649658881355,0.0422923358946102,0.0411194225086548,"Labour","Labour Gain"
"56","E14000585","Bournemouth West","Conservative",74205,0.341205886964603,0.37017299491081,0.109624276636235,0.0000976513761447192,0.00014154569495915,0.0954507785791404,0.0432631585441126,0.040043707293996,"Labour","Labour Gain"
"57","E14000586","Bracknell","Conservative",78978,0.38065933875838,0.317852790379029,0.131361244324468,0.00000982177717612702,0.0000459329034768747,0.0732487743177929,0.0464639683440228,0.0503581291956541,"Conservative","Conservative Hold"
"58","E14000587","Bradford East","Labour",73206,0.213601958549696,0.510298494706372,0.0625057669493155,0.0289187785959055,0.0205077746317198,0.058212064839234,0.0409133446788127,0.0650418170489448,"Labour","Labour Hold"
"59","E14000588","Bradford South","Labour",69046,0.300109143764554,0.433359292853766,0.0600517241680459,0.0334852881523035,0.00927782149138201,0.057224117965841,0.0497880393855076,0.0567045722186001,"Labour","Labour Hold"
"60","E14000589","Bradford West","Labour",70694,0.173556908141057,0.581352792408202,0.0534989740923546,0.0226149014500845,0.0192339496132567,0.0605416528773225,0.0297205950639218,0.0594802263538009,"Labour","Labour Hold"
"61","E14000590","Braintree","Conservative",75208,0.431495336782042,0.323753763811642,0.0887855138263284,0.0000986857757276062,0.0000412630797700574,0.0489247127147725,0.0560666940389477,0.0508340299707698,"Conservative","Conservative Hold"
"62","E14000591","Brent Central","Labour",84032,0.194063672671802,0.547906665063387,0.0739951250230434,0.0000382767450254697,0.00012394822300892,0.0745064375807272,0.0291550340961633,0.0802108405968421,"Labour","Labour Hold"
"63","E14000592","Brent North","Labour",83788,0.266258356286469,0.496851894028044,0.0773763840709182,0.000123326389800268,0.0000745504785383808,0.065039035456007,0.031412998191819,0.0628634550984049,"Labour","Labour Hold"
"64","E14000593","Brentford and Isleworth","Labour",85775,0.240289153440922,0.49824324232502,0.0995219186791093,0.0000432880419962956,0.00008462309431254,0.0736952008448042,0.02754276220653,0.0605798113673062,"Labour","Labour Hold"
"65","E14000594","Brentwood and Ongar","Conservative",75255,0.447671706862224,0.284787494915928,0.112934936517914,0.0000487360342299818,0.0000969396354144077,0.0605846560446918,0.048908590133716,0.0449669398558814,"Conservative","Conservative Hold"
"66","E14000595","Bridgwater and West Somerset","Conservative",85327,0.422304437581172,0.297932700124539,0.114148374921199,0.0000493808595607331,0.0000378714443494973,0.0716686320249548,0.0528143678517829,0.0410442351924427,"Conservative","Conservative Hold"
"67","E14000596","Brigg and Goole","Conservative",65939,0.433852062620365,0.299658722785143,0.0709115843397402,0.0253100405319138,0.00524643900555647,0.0607035705522628,0.058790366585707,0.0455272135793126,"Conservative","Conservative Hold"
"68","E14000597","Brighton, Kemptown","Labour",69833,0.282942699327843,0.468215725147457,0.0901694724224788,0.0000382861915155196,0.0000432557305863104,0.0768325260433268,0.0327505843451597,0.0490074507916334,"Labour","Labour Hold"
"69","E14000598","Brighton, Pavilion","Green",79057,0.141707181425258,0.203541339168077,0.159048016555063,0.000124434666244319,0.00161892172586336,0.42195575914633,0.0160087682681856,0.0559955790449788,"Green","Green Hold"
"70","E14000599","Bristol East","Labour",73867,0.275081365118442,0.483360235300938,0.0836704597832276,0.0000540540983158724,0.000192820096753974,0.0860875948611981,0.0333594375578652,0.0381940331832586,"Labour","Labour Hold"
"71","E14000600","Bristol North West","Labour",76273,0.28923392291782,0.466043524908289,0.0951808885651366,0.0000124764622188261,0.0000416326671195943,0.0859985622456199,0.027924644755783,0.0355643474780133,"Labour","Labour Hold"
"72","E14000601","Bristol South","Labour",84079,0.271542812511215,0.476570391568456,0.0884012752709635,0.0000424327568892672,0.000125485617916857,0.0886428389217065,0.0340020107861693,0.0406727525666839,"Labour","Labour Hold"
"73","E14000602","Bristol West","Labour",99253,0.107468621978799,0.504397073402536,0.067733622442905,0.0000927984911791563,0.000411809026205462,0.279095315149402,0.0117015197440513,0.0290992397649225,"Labour","Labour Hold"
"74","E14000603","Broadland","Conservative",78151,0.422495531687713,0.306688866572668,0.12057275166326,0.0000716114743428127,0.0000392613547565274,0.0549998000210483,0.0493497139532141,0.0457824632729983,"Conservative","Conservative Hold"
"75","E14000604","Bromley and Chislehurst","Conservative",66697,0.365424422091478,0.349144560723865,0.116102360539854,0.0000780034208372767,0.0000409785041753466,0.0603990775087634,0.040641298013975,0.0681692991970525,"Conservative","Conservative Hold"
"76","E14000605","Bromsgrove","Conservative",75078,0.424141746243936,0.317106974974301,0.105332110587316,0.0000661279433303957,0.000051125257724818,0.0588062751785115,0.0517173587941083,0.042778281020772,"Conservative","Conservative Hold"
"77","E14000606","Broxbourne","Conservative",73182,0.420324342701794,0.326262568389794,0.0838971335514262,0.0000489619564304708,0.0000898164277890474,0.058073651269099,0.0582191303370071,0.0530843953666599,"Conservative","Conservative Hold"
"78","E14000607","Broxtowe","Conservative",73052,0.351144430394502,0.420057672597364,0.0786719607318181,0.000112689576808781,0.0000193090378669485,0.0665295867956974,0.0409451912853527,0.0425191595805905,"Labour","Labour Gain"
"79","E14000608","Buckingham","Conservative",83146,0.433754315448897,0.227032752270777,0.194604144412959,0.0000861181699994672,0.0000204365070363502,0.0587296162897719,0.0407658785163508,0.0450067383842082,"Conservative","Conservative Hold"
"80","E14000609","Burnley","Conservative",64345,0.304048201279404,0.406546578082407,0.0785883887960226,0.000186824398637891,0.0000635772998761481,0.0556995780712257,0.0900156217009356,0.0648512303714906,"Labour","Labour Gain"
"81","E14000610","Burton","Conservative",75036,0.371052276604646,0.375027791949509,0.072794498528228,0.0000802286482046127,0.0000820451401287104,0.062991307241414,0.062105928352628,0.0558659235352411,"Labour","Labour Gain"
"82","E14000611","Bury North","Conservative",68802,0.304693552991131,0.45358620505616,0.0665484007949912,0.0000598197791262054,0.0000377620130881722,0.0621561060466221,0.0644566849032795,0.0484614684156026,"Labour","Labour Gain"
"83","E14000612","Bury South","Conservative",75152,0.301322327795091,0.448045780415957,0.0727675081340363,0.000040119993692449,0.0000333776172592708,0.0597247889136206,0.0669190479711558,0.0511470491591868,"Labour","Labour Gain"
"84","E14000613","Bury St Edmunds","Conservative",89644,0.385714505804927,0.318316420912725,0.102289591622548,0.000052201257794673,0.0000740488382187803,0.104183830613985,0.046347842991558,0.0430215579582432,"Conservative","Conservative Hold"
"85","E14000614","Calder Valley","Conservative",79287,0.329926503631984,0.421378814514622,0.0732768750004306,0.0230074416053287,0.00601069230527375,0.0571420258071918,0.0428658976033625,0.0463917495318067,"Labour","Labour Gain"
"86","E14000615","Camberwell and Peckham","Labour",88971,0.152195487879422,0.581024389855424,0.0797900143996804,0.0000913510176019768,0.000149982811422077,0.0851920055824091,0.0224699473496641,0.0790868211043766,"Labour","Labour Hold"
"87","E14000616","Camborne and Redruth","Conservative",70250,0.364563079045395,0.379279725362645,0.092437415615121,0.0000651139393930199,0.0000695397635333233,0.0770584092443403,0.0470133541478803,0.0395133628816923,"Labour","Labour Gain"
"88","E14000617","Cambridge","Labour",79951,0.153127778498703,0.457207837780504,0.240117585321063,0.0000831058928350559,0.000155564491584942,0.0896519676894108,0.0135960495266439,0.0460601107992552,"Labour","Labour Hold"
"89","E14000618","Cannock Chase","Conservative",74813,0.403171335216835,0.342827076776719,0.06086528156422,0.000102817398524031,0.0000424626562235629,0.0688812386147092,0.0681939216077204,0.0559158661650482,"Conservative","Conservative Hold"
"90","E14000619","Canterbury","Labour",80203,0.318327475837202,0.464701333111818,0.0810372227131883,0.0000963606697922925,0.0000548889336822582,0.0626234639661654,0.0297687693176106,0.0433904854505404,"Labour","Labour Hold"
"91","E14000620","Carlisle","Conservative",65105,0.34612591850954,0.4011482493761,0.0651644311558398,0.0000356091090371215,0.0000641695042199015,0.0559950739638025,0.0788334177450388,0.0526331306364214,"Labour","Labour Gain"
"92","E14000621","Carshalton and Wallington","Conservative",72941,0.336248791445328,0.217486038853073,0.258045889445977,0.000126228025475532,0.0000493254152550516,0.0576322446194686,0.0446208713137193,0.0857906108817034,"Conservative","Conservative Hold"
"93","E14000622","Castle Point","Conservative",69608,0.501844775766198,0.271862985768322,0.0661348263218187,0.0000566712990282098,0.0000902925201805388,0.0475603694944275,0.0673374783251296,0.0451126005048949,"Conservative","Conservative Hold"
"94","E14000623","Central Devon","Conservative",74926,0.390643329225326,0.317024035006432,0.135929546459865,0.0000450579482445339,0.0000132354902502199,0.0816861026349875,0.0406159538173334,0.0340427394175616,"Conservative","Conservative Hold"
"95","E14000624","Central Suffolk and North Ipswich","Conservative",80037,0.419893467259312,0.313366514585721,0.110137928036614,0.0000496473374023484,0.0000517386376478063,0.0631843806736156,0.0471329672227501,0.0461833562469376,"Conservative","Conservative Hold"
"96","E14000625","Charnwood","Conservative",79534,0.440732052299422,0.310496312879755,0.0937512740258349,0.0000693791600992832,0.0000596947492961556,0.0725193624593712,0.043784284207681,0.0385876402185398,"Conservative","Conservative Hold"
"97","E14000626","Chatham and Aylesford","Conservative",71642,0.4085249178591,0.319683738274941,0.0881838402038093,0.0000763602350677505,0.000042825446438258,0.0642773858600076,0.0597298149442765,0.0594811171763602,"Conservative","Conservative Hold"
"98","E14000627","Cheadle","Conservative",74577,0.364005599111343,0.226453827361433,0.260024166777135,0.000044764453024918,0.0000535315184809872,0.055902969821105,0.0459949126826165,0.0475202282748616,"Conservative","Conservative Hold"
"99","E14000628","Chelmsford","Conservative",80394,0.384597230420136,0.285880204509602,0.174141302949272,0.000122574973691259,0.0000812302884647325,0.0598837554732231,0.0415322628886653,0.0537614384969467,"Conservative","Conservative Hold"
"100","E14000629","Chelsea and Fulham","Conservative",67110,0.296033336578019,0.330149198524814,0.198682286728471,0.000068867063340503,0.0000441406224604212,0.0793599372126732,0.0284446780323086,0.0672175552379131,"Labour","Labour Gain"
"101","E14000630","Cheltenham","Conservative",81044,0.314623338567562,0.205505977417576,0.330290508563799,0.0000576915151185305,0.0000354339184789964,0.0732713126094327,0.0299182946313589,0.0462974427766738,"Liberal Democrat","Liberal Democrat Gain"
"102","E14000631","Chesham and Amersham","Conservative",72542,0.402391942212808,0.218255074009536,0.222019808231462,0.0000440242388060229,0.0000091751156883637,0.0781751126527413,0.0361734730978489,0.0429313904411092,"Conservative","Conservative Hold"
"103","E14000632","Chesterfield","Labour",71034,0.34739006286438,0.422473192670866,0.0826470586403462,0.000170047157750078,0.0000724841400815204,0.0586555138338608,0.0427805888660736,0.0458110518266422,"Labour","Labour Hold"
"104","E14000633","Chichester","Conservative",85499,0.427683446520646,0.231566584096904,0.181307586799198,0.0000444258156848873,0.000000358713158174852,0.0704774087909306,0.0403881475912553,0.0485320416722232,"Conservative","Conservative Hold"
"105","E14000634","Chingford and Woodford Green","Conservative",65393,0.330583650756265,0.430071953444725,0.0740001777347767,0.0000955654706796728,0.0000977019622659532,0.058878804390054,0.0425643572149306,0.0637077890263028,"Labour","Labour Gain"
"106","E14000635","Chippenham","Conservative",77221,0.385686854436939,0.232266822775853,0.231640170867052,0.0000561511480258094,0.0000239465569787309,0.0722653860711288,0.0371806182981218,0.0408800498459004,"Conservative","Conservative Hold"
"107","E14000636","Chipping Barnet","Conservative",79960,0.304755697623387,0.428107751968775,0.104467462179067,0.0000789420721742807,0.0000260361633050744,0.0643576109110079,0.03409209376551,0.064114405316775,"Labour","Labour Gain"
"108","E14000637","Chorley","Speaker",78177,0.191985055853742,0.475099699528565,0.0797780548184888,0.000354410288617767,0.000622353882662878,0.163881915629658,0.0368116383901253,0.0514668716081414,"Speaker","Speaker Hold"
"109","E14000638","Christchurch","Conservative",71520,0.4857273493046,0.21795526444948,0.1459120937744,0.000104128943207795,0.0000269168072800726,0.0720861206521397,0.0461138904681544,0.0320742356007385,"Conservative","Conservative Hold"
"110","E14000639","Cities of London and Westminster","Conservative",63700,0.246666816679815,0.346154746871426,0.232698965424093,0.0000682328832912359,0.0000112173623477764,0.0786055937838089,0.024398470273358,0.0713959567218604,"Labour","Labour Gain"
"111","E14000640","City of Chester","Labour",76057,0.279836317692823,0.493267530871681,0.0731337151409149,0.0000310295897099155,0.0000261258908920671,0.0669172727688733,0.0447595699981059,0.0420284380470004,"Labour","Labour Hold"
"112","E14000641","City of Durham","Labour",71271,0.29172217811351,0.467200267402716,0.11298764681571,0.0000801622361620319,0.000053880712281925,0.0657881021557565,0.0236288432638565,0.0385389193000072,"Labour","Labour Hold"
"113","E14000642","Clacton","Conservative",70930,0.494098348231199,0.262176577579022,0.0666499801021238,0.0000702480561158478,0.0000301899134855166,0.044370258787151,0.0756776934694939,0.0569267038614082,"Conservative","Conservative Hold"
"114","E14000643","Cleethorpes","Conservative",73689,0.426373543467361,0.301938979969524,0.0692104484865716,0.0269653955380296,0.00681593298449756,0.0585131981249251,0.0611420511691076,0.049040450259984,"Conservative","Conservative Hold"
"115","E14000644","Colchester","Conservative",82625,0.31302715324573,0.405920826232137,0.110546643574342,0.000029213278951823,0.000121035187504901,0.0681641830335076,0.0417014172537426,0.0604895281940833,"Labour","Labour Gain"
"116","E14000645","Colne Valley","Conservative",84174,0.323773409333039,0.411175474258775,0.084927339854731,0.0243722548579212,0.00525350108448141,0.0601744803106126,0.0417687024328645,0.0485548378675748,"Labour","Labour Gain"
"117","E14000646","Congleton","Conservative",80930,0.391479931698024,0.348473400579708,0.0923105941145032,0.0000756801691811586,0.0000182832149131159,0.0622005963930339,0.0624521537428703,0.0429893600877656,"Conservative","Conservative Hold"
"118","E14000647","Copeland","Conservative",61693,0.348566197864074,0.409135861028606,0.0627118414849699,0.0000218256937732666,0.0000384730415383874,0.0601775720988127,0.0716294942437846,0.0477187345444417,"Labour","Labour Gain"
"119","E14000648","Corby","Conservative",86153,0.367683170205398,0.404762172209874,0.072236637880569,0.0000537584476128421,0.0000893046969113126,0.061763582662813,0.0462259409188271,0.0471854329779947,"Labour","Labour Gain"
"120","E14000649","Coventry North East","Labour",76006,0.264430806986341,0.499991431815368,0.0593123044430089,0.0000827333411006997,0.000141907726174202,0.0608085822964548,0.0498202979235709,0.0654119354679811,"Labour","Labour Hold"
"121","E14000650","Coventry North West","Labour",75247,0.318876284088542,0.449985463933345,0.0677601819791004,0.0000757446337219438,0.0000435914459120877,0.0634043599461795,0.048756799485612,0.051097574487588,"Labour","Labour Hold"
"122","E14000651","Coventry South","Labour",70979,0.292505536692687,0.475388821669478,0.0737369320026619,0.0000681774659107264,0.00002655518700877,0.0667921203801579,0.0403250510961097,0.051156805505986,"Labour","Labour Hold"
"123","E14000652","Crawley","Conservative",74207,0.337894989119371,0.392743893176401,0.0870778418760056,0.0000635095399027908,0.000043005791455577,0.0754931410979441,0.0496393527962821,0.0570442666026379,"Labour","Labour Gain"
"124","E14000653","Crewe and Nantwich","Conservative",80321,0.332579275840943,0.413275096473656,0.0686395428779386,0.0000467142799990742,0.0000397020479098213,0.0620679338878897,0.0717161153199354,0.0516356192717278,"Labour","Labour Gain"
"125","E14000654","Croydon Central","Labour",81407,0.288135969100963,0.476837305520995,0.0699331430676591,0.000107741143490578,0.0000621600185492734,0.0616679178902754,0.036230538771451,0.0670252244866169,"Labour","Labour Hold"
"126","E14000655","Croydon North","Labour",88468,0.211677988907825,0.54447882329098,0.0730918438433464,0.0000625349745683136,0.000143669442399521,0.0701492549087078,0.0283991463961902,0.0719967382359828,"Labour","Labour Hold"
"127","E14000656","Croydon South","Conservative",83982,0.359958907334754,0.365618166451917,0.112822996314659,0.000171249369981089,0.0000180206334839767,0.0613541533230334,0.0391885406805144,0.0608679658916573,"Labour","Labour Gain"
"128","E14000657","Dagenham and Rainham","Labour",71045,0.331804049568901,0.42281189179001,0.0553618725852493,0.000172413474166448,0.0000778515122893,0.0506244059133582,0.0583117900025441,0.0808357251534818,"Labour","Labour Hold"
"129","E14000658","Darlington","Conservative",66397,0.33592996747317,0.4414434602962,0.0731782297315969,0.0000999194212066094,0.000168107235704468,0.0650375246687721,0.0370323543313269,0.0471104368420222,"Labour","Labour Gain"
"130","E14000659","Dartford","Conservative",82209,0.398940088846907,0.329878832039579,0.09084175365421,0.0000783038770482334,0.0000376616396454854,0.06971114779778,0.0564713688577311,0.0540408432871,"Conservative","Conservative Hold"
"131","E14000660","Daventry","Conservative",77423,0.435462858476269,0.304897034507784,0.104071018153636,0.0000641621760439376,0.0000415556469206188,0.0713286159573166,0.0435922730388629,0.0405424820431665,"Conservative","Conservative Hold"
"132","E14000661","Denton and Reddish","Labour",66234,0.292021786353227,0.47067298990515,0.0598629395024671,0.0000654342021885663,0.000113780815265004,0.0606307442725787,0.0694479553137972,0.0471843696353264,"Labour","Labour Hold"
"133","E14000662","Derby North","Conservative",73199,0.317241711787968,0.430090114983459,0.087387786185059,0.000128400881059944,0.0000605322684977086,0.0690836708961311,0.0408851299467591,0.0551226530510656,"Labour","Labour Gain"
"134","E14000663","Derby South","Labour",73062,0.287509297546859,0.493617609983477,0.0609356517037683,0.0000943862717800295,0.000185423629451892,0.0567357447328347,0.0422128889296535,0.0587089972021748,"Labour","Labour Hold"
"135","E14000664","Derbyshire Dales","Conservative",65080,0.421218131327721,0.32058797081304,0.112103124224858,0.0000318708926299707,0.0000685362906060481,0.0678414793174048,0.0387157294072689,0.0394331577264715,"Conservative","Conservative Hold"
"136","E14000665","Devizes","Conservative",73372,0.396180917541417,0.277322106712078,0.147406540388538,0.0000903955411257628,0.0000450918365400141,0.102519876798925,0.0407770366265598,0.0356580345548155,"Conservative","Conservative Hold"
"137","E14000666","Dewsbury","Conservative",81253,0.306133289803013,0.423643595966364,0.0734204144447455,0.025050575544589,0.0091869344886775,0.0607569703725718,0.0480669997481677,0.0537412196318713,"Labour","Labour Gain"
"138","E14000667","Don Valley","Conservative",75356,0.325891521876118,0.373006678898436,0.0786730696760371,0.0399641114712404,0.00810928051422774,0.0506516157526983,0.0645741111288127,0.0591296106824298,"Labour","Labour Gain"
"139","E14000668","Doncaster Central","Labour",71389,0.299172558114894,0.415817145998871,0.0703116697216516,0.0458971152193166,0.00693897027274347,0.0503559413460462,0.0562436497949124,0.0552629495315648,"Labour","Labour Hold"
"140","E14000669","Doncaster North","Labour",72362,0.309678038078692,0.403656970656389,0.0652565890404523,0.0518419586241345,0.00478661450240821,0.040020228766275,0.0658878246446429,0.0588717756870066,"Labour","Labour Hold"
"141","E14000670","Dover","Conservative",76355,0.389738780033553,0.341911165184984,0.0884495875829749,0.0000623931180094222,0.0000578441153934109,0.0636233136725562,0.0581304422871127,0.0580264740054169,"Conservative","Conservative Hold"
"142","E14000671","Dudley North","Conservative",61936,0.378180478531262,0.363234352715872,0.0594956566721806,0.0000948421956784466,0.000117432671459175,0.0570601512294777,0.0753482895536546,0.066468796430416,"Conservative","Conservative Hold"
"143","E14000672","Dudley South","Conservative",60731,0.410454029613409,0.332903412734325,0.0624963050158658,0.00011187178339077,0.000071790258343605,0.0556199740646718,0.0741802689743049,0.0641623475556894,"Conservative","Conservative Hold"
"144","E14000673","Dulwich and West Norwood","Labour",80331,0.144669451278802,0.575608418504534,0.0571376319677896,0.0000618936702477367,0.000167073676729466,0.143452352384196,0.016572195648874,0.0623309828688265,"Labour","Labour Hold"
"145","E14000674","Ealing Central and Acton","Labour",75510,0.215866189187573,0.507487247297537,0.118338908649525,0.0000354831671368607,0.0000428564292412283,0.0768617380963419,0.0213156061125467,0.0600519710600975,"Labour","Labour Hold"
"146","E14000675","Ealing North","Labour",74473,0.2472949272055,0.504980916379633,0.0761717818247664,0.000040771932851596,0.0000478484655119767,0.0698075067504739,0.031903561114384,0.0697526863268793,"Labour","Labour Hold"
"147","E14000676","Ealing, Southall","Labour",64581,0.217433437665967,0.524482021407031,0.0815138842041714,0.000118359036519617,0.0000849516529739499,0.0739053008838704,0.0305864750782007,0.0718755700712661,"Labour","Labour Hold"
"148","E14000677","Easington","Labour",61182,0.307537876363612,0.492696004638848,0.0685245965737948,0.00038484600641077,0.000133953253899954,0.0418743904768645,0.0423064801659234,0.0465418525206464,"Labour","Labour Hold"
"149","E14000678","East Devon","Conservative",87168,0.437320126511843,0.285030026148165,0.133692946052221,0.000941465541639865,0.0000149497721935605,0.042796567577983,0.0639238849140269,0.0362800334819265,"Conservative","Conservative Hold"
"150","E14000679","East Ham","Labour",88319,0.155108302640453,0.611162630783022,0.0560962319206952,0.000069853162854793,0.00012192723719246,0.0709768857965146,0.0290008463659828,0.0774633220932853,"Labour","Labour Hold"
"151","E14000680","East Hampshire","Conservative",76478,0.419823981513457,0.221923022340742,0.197473386709822,0.0000501396781453885,0.0000213183416880778,0.0723649971034991,0.0411353398915483,0.0472078144210986,"Conservative","Conservative Hold"
"152","E14000681","East Surrey","Conservative",83148,0.429338074320399,0.235867816256252,0.169319042148234,0.0000567221482113387,0.0000156301913743314,0.0746576210138066,0.045924902766796,0.0448201911549266,"Conservative","Conservative Hold"
"153","E14000682","East Worthing and Shoreham","Conservative",75194,0.377262360672012,0.352565882081786,0.102238972656647,0.0000581941262901356,0.0000644425544892155,0.0700425792176731,0.0485712968979412,0.0491962717931615,"Conservative","Conservative Hold"
"154","E14000683","East Yorkshire","Conservative",80923,0.424851524740846,0.298725038596164,0.0827445926613249,0.0282319644431617,0.00532328755416387,0.0572024972204054,0.0563552180487986,0.0465658767351354,"Conservative","Conservative Hold"
"155","E14000684","Eastbourne","Conservative",79307,0.381843550533893,0.186242181895167,0.270880728067158,0.0000613745313254313,0.0000520649987228462,0.0525302026983525,0.0455002341463791,0.0628896631290021,"Conservative","Conservative Hold"
"156","E14000685","Eastleigh","Conservative",83880,0.400042752504465,0.225011084531605,0.206143878429846,0.0000792079781692007,0.000023833456409905,0.0712008889459842,0.0451086113381996,0.0523897428153213,"Conservative","Conservative Hold"
"157","E14000686","Eddisbury","Conservative",73700,0.390328616050931,0.323869753986519,0.113132346144449,0.0000489280335257216,0.0000519293692267432,0.0591882844647734,0.0651954541321954,0.0481846878183806,"Conservative","Conservative Hold"
"158","E14000687","Edmonton","Labour",65747,0.225021785339493,0.534399049497428,0.0615243258230488,0.000104401903309561,0.0000585174019714516,0.0621186586612976,0.0326201785118357,0.0841530828616156,"Labour","Labour Hold"
"159","E14000688","Ellesmere Port and Neston","Labour",70327,0.29386491010818,0.482577635173874,0.0598117483261188,0.0000743201395320907,0.000070244394106398,0.0612812138129313,0.0596424396520887,0.0426774883931686,"Labour","Labour Hold"
"160","E14000689","Elmet and Rothwell","Conservative",80957,0.393095981976228,0.33223261604303,0.0932156587926831,0.0227014259151975,0.00732350619472278,0.0623116913161656,0.048777204521688,0.0403419152402853,"Conservative","Conservative Hold"
"161","E14000690","Eltham","Labour",64086,0.308990757874088,0.44942970241923,0.0734426240680479,0.000106735799598954,0.0000526944882888652,0.0624824042814824,0.0398232692089342,0.0656718118603294,"Labour","Labour Hold"
"162","E14000691","Enfield North","Labour",68301,0.286395662215086,0.472982154561804,0.0688786008552783,0.00009750891453237,0.0000138923146642432,0.0592408939243015,0.0367216854211223,0.0756696017932111,"Labour","Labour Hold"
"163","E14000692","Enfield, Southgate","Labour",65525,0.294587223871759,0.472514127507494,0.0860335376299137,0.0000775675329845381,0.0000212837394111489,0.0619944010193524,0.0288141093477505,0.0559577493513346,"Labour","Labour Hold"
"164","E14000693","Epping Forest","Conservative",74304,0.407934696091926,0.323635041450929,0.103317746304076,0.0000613498923139845,0.0000836786208748212,0.0631471210825321,0.0509495426194675,0.0508708239378816,"Conservative","Conservative Hold"
"165","E14000694","Epsom and Ewell","Conservative",81138,0.400503419373669,0.240003301096781,0.198807421234845,0.0000356977765350681,0.0000245775947710145,0.0742749802948234,0.0395280146555796,0.0468225879729951,"Conservative","Conservative Hold"
"166","E14000695","Erewash","Conservative",72523,0.385257729373165,0.377953133190571,0.0727283762871162,0.0000434977718246393,0.0000728988041579912,0.0636560254825319,0.0489513223693149,0.051337016721318,"Conservative","Conservative Hold"
"167","E14000696","Erith and Thamesmead","Labour",65399,0.284290798381318,0.469888336146706,0.0641064927657107,0.000114633618837857,0.0000219900801661484,0.0595221880860438,0.0424197339326019,0.0796358269886161,"Labour","Labour Hold"
"168","E14000697","Esher and Walton","Conservative",81184,0.344729524461729,0.180416414793369,0.337090921001358,0.0000290325086554345,0.0000201937315017393,0.0565054184541566,0.0321529073436835,0.0490555877055466,"Conservative","Conservative Hold"
"169","E14000698","Exeter","Labour",82054,0.255236717979289,0.493428370991029,0.078973548877917,0.0000711436474466524,0.0000842463542794909,0.112306277228051,0.0282968229269868,0.0316028719950012,"Labour","Labour Hold"
